y0
-6.174703240394592285e-01
-8.210414648056030273e-01
-8.586248159408569336e-01
-8.291972875595092773e-01
-1.021581530570983887e+00
-9.445961713790893555e-01
-8.439079523086547852e-01
-7.065144181251525879e-01
-6.114830970764160156e-01
-8.270679712295532227e-01
-9.160838127136230469e-01
-8.400826454162597656e-01
-1.003604173660278320e+00
-9.985170960426330566e-01
-6.008100509643554688e-01
-8.818566799163818359e-01
-7.891675233840942383e-01
-7.072934508323669434e-01
-6.805751323699951172e-01
-6.124434471130371094e-01
-9.483947753906250000e-01
-8.600617051124572754e-01
-9.381812214851379395e-01
-7.127334475517272949e-01
-6.801458597183227539e-01
