x
6.421965360641479492e-02
5.346723794937133789e-01
6.215274333953857422e-01
5.535205006599426270e-01
9.981203675270080566e-01
8.202071785926818848e-01
5.875168442726135254e-01
2.700004577636718750e-01
5.038315057754516602e-02
5.485997200012207031e-01
7.543151974678039551e-01
5.786764621734619141e-01
9.565746188163757324e-01
9.448184370994567871e-01
2.571773529052734375e-02
6.752163171768188477e-01
4.610117077827453613e-01
2.718008160591125488e-01
2.100547552108764648e-01
5.260258913040161133e-02
8.289858698844909668e-01
6.248481273651123047e-01
8.053822517395019531e-01
2.843726277351379395e-01
2.090628147125244141e-01
