y0
-5.687837302684783936e-02
-1.099267750978469849e-01
-1.190766543149948120e-01
-1.119330525398254395e-01
-1.554927527904510498e-01
-1.390030682086944580e-01
-1.155231148004531860e-01
-8.070014417171478271e-02
-5.524945259094238281e-02
-1.114103347063064575e-01
-1.325602829456329346e-01
-1.145931631326675415e-01
-1.517657339572906494e-01
-1.506971120834350586e-01
-5.233827233314514160e-02
-1.246053874492645264e-01
-1.019827723503112793e-01
-8.090482652187347412e-02
-7.384511828422546387e-02
-5.551096796989440918e-02
-1.398482918739318848e-01
-1.194215118885040283e-01
-1.375685930252075195e-01
-8.233219385147094727e-02
-7.373106479644775391e-02
