y0
-2.232429236173629761e-01
-1.153257116675376892e-01
-9.540201723575592041e-02
-1.110021322965621948e-01
-9.015306830406188965e-03
-4.982684552669525146e-02
-1.032037138938903809e-01
-1.760388463735580444e-01
-2.264168858528137207e-01
-1.121309101581573486e-01
-6.494180858135223389e-02
-1.052316129207611084e-01
-1.854549348354339600e-02
-2.124224603176116943e-02
-2.320748865604400635e-01
-8.308631181716918945e-02
-1.322227418422698975e-01
-1.756258606910705566e-01
-1.897898018360137939e-01
-2.259077727794647217e-01
-4.781310260295867920e-02
-9.464028477668762207e-02
-5.322752892971038818e-02
-1.727420091629028320e-01
-1.900173425674438477e-01
