y0
1.675404012203216553e-01
1.386000066995620728e-01
1.325198560953140259e-01
1.372875720262527466e-01
1.068152710795402527e-01
1.186224296689033508e-01
1.349092423915863037e-01
1.560706347227096558e-01
1.682225614786148071e-01
1.376307159662246704e-01
1.231896132230758667e-01
1.355288773775100708e-01
1.094836443662643433e-01
1.102498322725296021e-01
1.694080382585525513e-01
1.287398487329483032e-01
1.436685770750045776e-01
1.559604853391647339e-01
1.596498191356658936e-01
1.681139320135116577e-01
1.180198192596435547e-01
1.322862356901168823e-01
1.196435242891311646e-01
1.551869660615921021e-01
1.597075015306472778e-01
